# CAMB-generated LCDM matter power spectrum P(k)
# Planck 2018 cosmological parameters:
# H0=67.36, ombh2=0.022383, omch2=0.122011, mnu=0.06eV, tau=0.0543
# As=exp(3.0448)*1e-10, ns=0.96605
# Redshift z=0.51
# Generated using CAMB v1.6.6
# Columns: k [h/Mpc], P_lin(k) [(Mpc/h)^3], P_nl(k) [(Mpc/h)^3]
1.00000000e-04  2.38815965e+02  2.38815970e+02
1.01862899e-04  2.43110501e+02  2.43110507e+02
1.03760502e-04  2.47482188e+02  2.47482194e+02
1.05693455e-04  2.51932407e+02  2.51932413e+02
1.07662418e-04  2.56462564e+02  2.56462571e+02
1.09668060e-04  2.61074091e+02  2.61074099e+02
1.11711065e-04  2.65768445e+02  2.65768455e+02
1.13792129e-04  2.70547110e+02  2.70547121e+02
1.15911962e-04  2.75411596e+02  2.75411606e+02
1.18071285e-04  2.80363435e+02  2.80363445e+02
1.20270833e-04  2.85404191e+02  2.85404200e+02
1.22511358e-04  2.90535452e+02  2.90535460e+02
1.24793621e-04  2.95758835e+02  2.95758842e+02
1.27118400e-04  3.01075986e+02  3.01075992e+02
1.29486487e-04  3.06488581e+02  3.06488586e+02
1.31898690e-04  3.11998326e+02  3.11998330e+02
1.34355829e-04  3.17606958e+02  3.17606960e+02
1.36858742e-04  3.23316243e+02  3.23316244e+02
1.39408283e-04  3.29127980e+02  3.29127978e+02
1.42005318e-04  3.35043998e+02  3.35043994e+02
1.44650734e-04  3.41066158e+02  3.41066151e+02
1.47345431e-04  3.47196353e+02  3.47196344e+02
1.50090328e-04  3.53436510e+02  3.53436499e+02
1.52886359e-04  3.59788589e+02  3.59788579e+02
1.55734477e-04  3.66254585e+02  3.66254578e+02
1.58635653e-04  3.72836526e+02  3.72836524e+02
1.61590875e-04  3.79536474e+02  3.79536477e+02
1.64601150e-04  3.86356527e+02  3.86356535e+02
1.67667503e-04  3.93298820e+02  3.93298833e+02
1.70790980e-04  4.00365526e+02  4.00365540e+02
1.73972643e-04  4.07558858e+02  4.07558870e+02
1.77213578e-04  4.14881064e+02  4.14881073e+02
1.80514888e-04  4.22334436e+02  4.22334441e+02
1.83877698e-04  4.29921304e+02  4.29921304e+02
1.87303154e-04  4.37644038e+02  4.37644036e+02
1.90792422e-04  4.45505052e+02  4.45505047e+02
1.94346693e-04  4.53506794e+02  4.53506789e+02
1.97967175e-04  4.61651756e+02  4.61651753e+02
2.01655104e-04  4.69942475e+02  4.69942474e+02
2.05411735e-04  4.78381529e+02  4.78381532e+02
2.09238348e-04  4.86971542e+02  4.86971551e+02
2.13136247e-04  4.95715182e+02  4.95715197e+02
2.17106760e-04  5.04615159e+02  5.04615181e+02
2.21151240e-04  5.13674233e+02  5.13674261e+02
2.25271064e-04  5.22895210e+02  5.22895242e+02
2.29467637e-04  5.32280943e+02  5.32280979e+02
2.33742387e-04  5.41834335e+02  5.41834372e+02
2.38096772e-04  5.51558337e+02  5.51558374e+02
2.42532274e-04  5.61455951e+02  5.61455987e+02
2.47050406e-04  5.71530228e+02  5.71530264e+02
2.51652705e-04  5.81784275e+02  5.81784310e+02
2.56340741e-04  5.92221247e+02  5.92221282e+02
2.61116110e-04  6.02844345e+02  6.02844382e+02
2.65980440e-04  6.13656825e+02  6.13656863e+02
2.70935387e-04  6.24661995e+02  6.24662035e+02
2.75982639e-04  6.35863219e+02  6.35863262e+02
2.81123917e-04  6.47263920e+02  6.47263965e+02
2.86360972e-04  6.58867577e+02  6.58867623e+02
2.91695588e-04  6.70677725e+02  6.70677773e+02
2.97129582e-04  6.82697962e+02  6.82698012e+02
3.02664806e-04  6.94931944e+02  6.94931997e+02
3.08303146e-04  7.07383390e+02  7.07383445e+02
3.14046522e-04  7.20056071e+02  7.20056130e+02
3.19896892e-04  7.32953811e+02  7.32953875e+02
3.25856248e-04  7.46080495e+02  7.46080564e+02
3.31926620e-04  7.59440073e+02  7.59440145e+02
3.38110078e-04  7.73036557e+02  7.73036631e+02
3.44408728e-04  7.86874027e+02  7.86874101e+02
3.50824714e-04  8.00956622e+02  8.00956696e+02
3.57360225e-04  8.15288553e+02  8.15288624e+02
3.64017485e-04  8.29874093e+02  8.29874162e+02
3.70798763e-04  8.44717590e+02  8.44717656e+02
3.77706369e-04  8.59823456e+02  8.59823521e+02
3.84742658e-04  8.75196165e+02  8.75196230e+02
3.91910025e-04  8.90840248e+02  8.90840315e+02
3.99210913e-04  9.06760309e+02  9.06760380e+02
4.06647809e-04  9.22961024e+02  9.22961100e+02
4.14223247e-04  9.39447141e+02  9.39447225e+02
4.21939808e-04  9.56223481e+02  9.56223575e+02
4.29800121e-04  9.73294932e+02  9.73295037e+02
4.37806863e-04  9.90666456e+02  9.90666572e+02
4.45962763e-04  1.00834309e+03  1.00834322e+03
4.54270599e-04  1.02632996e+03  1.02633009e+03
4.62733201e-04  1.04463225e+03  1.04463239e+03
4.71353453e-04  1.06325521e+03  1.06325535e+03
4.80134292e-04  1.08220416e+03  1.08220430e+03
4.89078709e-04  1.10148450e+03  1.10148465e+03
4.98189752e-04  1.12110172e+03  1.12110186e+03
5.07470524e-04  1.14106136e+03  1.14106151e+03
5.16924187e-04  1.16136907e+03  1.16136923e+03
5.26553963e-04  1.18203054e+03  1.18203071e+03
5.36363132e-04  1.20305155e+03  1.20305173e+03
5.46355035e-04  1.22443796e+03  1.22443815e+03
5.56533078e-04  1.24619573e+03  1.24619592e+03
5.66900727e-04  1.26833086e+03  1.26833107e+03
5.77461515e-04  1.29084947e+03  1.29084968e+03
5.88219040e-04  1.31375771e+03  1.31375793e+03
5.99176967e-04  1.33706184e+03  1.33706206e+03
6.10339029e-04  1.36076821e+03  1.36076844e+03
6.21709029e-04  1.38488324e+03  1.38488347e+03
6.33290840e-04  1.40941340e+03  1.40941364e+03
6.45088409e-04  1.43436524e+03  1.43436549e+03
6.57105755e-04  1.45974539e+03  1.45974565e+03
6.69346971e-04  1.48556056e+03  1.48556084e+03
6.81816229e-04  1.51181754e+03  1.51181785e+03
6.94517777e-04  1.53852322e+03  1.53852355e+03
7.07455942e-04  1.56568454e+03  1.56568490e+03
7.20635132e-04  1.59330853e+03  1.59330893e+03
7.34059837e-04  1.62140232e+03  1.62140274e+03
7.47734631e-04  1.64997311e+03  1.64997356e+03
7.61664172e-04  1.67902818e+03  1.67902864e+03
7.75853206e-04  1.70857486e+03  1.70857534e+03
7.90306568e-04  1.73862055e+03  1.73862103e+03
8.05029181e-04  1.76917273e+03  1.76917322e+03
8.20026062e-04  1.80023896e+03  1.80023947e+03
8.35302320e-04  1.83182690e+03  1.83182743e+03
8.50863158e-04  1.86394422e+03  1.86394478e+03
8.66713880e-04  1.89659866e+03  1.89659925e+03
8.82859884e-04  1.92979801e+03  1.92979865e+03
8.99306672e-04  1.96355017e+03  1.96355086e+03
9.16059848e-04  1.99786310e+03  1.99786384e+03
9.33125118e-04  2.03274481e+03  2.03274560e+03
9.50508296e-04  2.06820336e+03  2.06820421e+03
9.68215306e-04  2.10424688e+03  2.10424778e+03
9.86252179e-04  2.14088357e+03  2.14088452e+03
1.00462506e-03  2.17812171e+03  2.17812269e+03
1.02334021e-03  2.21596962e+03  2.21597062e+03
1.04240401e-03  2.25443559e+03  2.25443661e+03
1.06182294e-03  2.29352796e+03  2.29352899e+03
1.08160363e-03  2.33325511e+03  2.33325616e+03
1.10175281e-03  2.37362549e+03  2.37362657e+03
1.12227736e-03  2.41464759e+03  2.41464872e+03
1.14318425e-03  2.45632989e+03  2.45633109e+03
1.16448062e-03  2.49868087e+03  2.49868215e+03
1.18617372e-03  2.54170902e+03  2.54171039e+03
1.20827094e-03  2.58542290e+03  2.58542436e+03
1.23077980e-03  2.62983108e+03  2.62983262e+03
1.25370799e-03  2.67494214e+03  2.67494374e+03
1.27706330e-03  2.72076455e+03  2.72076621e+03
1.30085370e-03  2.76730680e+03  2.76730850e+03
1.32508729e-03  2.81457739e+03  2.81457913e+03
1.34977233e-03  2.86258481e+03  2.86258660e+03
1.37491723e-03  2.91133758e+03  2.91133942e+03
1.40053055e-03  2.96084408e+03  2.96084597e+03
1.42662102e-03  3.01111262e+03  3.01111458e+03
1.45319752e-03  3.06215153e+03  3.06215354e+03
1.48026913e-03  3.11396908e+03  3.11397115e+03
1.50784505e-03  3.16657354e+03  3.16657566e+03
1.53593468e-03  3.21997304e+03  3.21997520e+03
1.56454759e-03  3.27417552e+03  3.27417771e+03
1.59369353e-03  3.32918887e+03  3.32919110e+03
1.62338243e-03  3.38502093e+03  3.38502318e+03
1.65362441e-03  3.44167945e+03  3.44168172e+03
1.68442976e-03  3.49917209e+03  3.49917439e+03
1.71580899e-03  3.55750631e+03  3.55750863e+03
1.74777277e-03  3.61668944e+03  3.61669177e+03
1.78033202e-03  3.67672870e+03  3.67673106e+03
1.81349780e-03  3.73763123e+03  3.73763361e+03
1.84728144e-03  3.79940401e+03  3.79940642e+03
1.88169442e-03  3.86205372e+03  3.86205617e+03
1.91674849e-03  3.92558679e+03  3.92558928e+03
1.95245558e-03  3.99000948e+03  3.99001201e+03
1.98882786e-03  4.05532789e+03  4.05533046e+03
2.02587771e-03  4.12154795e+03  4.12155056e+03
2.06361777e-03  4.18867530e+03  4.18867794e+03
2.10206088e-03  4.25671526e+03  4.25671790e+03
2.14122015e-03  4.32567290e+03  4.32567552e+03
2.18110892e-03  4.39555308e+03  4.39555562e+03
2.22174078e-03  4.46636042e+03  4.46636281e+03
2.26312957e-03  4.53809925e+03  4.53810141e+03
2.30528939e-03  4.61077343e+03  4.61077530e+03
2.34823460e-03  4.68438648e+03  4.68438802e+03
2.39197984e-03  4.75894162e+03  4.75894283e+03
2.43654001e-03  4.83444178e+03  4.83444268e+03
2.48193029e-03  4.91088953e+03  4.91089019e+03
2.52816614e-03  4.98828698e+03  4.98828746e+03
2.57526333e-03  5.06663575e+03  5.06663608e+03
2.62323788e-03  5.14593710e+03  5.14593726e+03
2.67210616e-03  5.22619188e+03  5.22619182e+03
2.72188479e-03  5.30740058e+03  5.30740019e+03
2.77259076e-03  5.38956313e+03  5.38956231e+03
2.82424133e-03  5.47267885e+03  5.47267746e+03
2.87685409e-03  5.55674652e+03  5.55674446e+03
2.93044698e-03  5.64176451e+03  5.64176167e+03
2.98503825e-03  5.72773066e+03  5.72772695e+03
3.04064649e-03  5.81464230e+03  5.81463764e+03
3.09729067e-03  5.90249595e+03  5.90249026e+03
3.15499006e-03  5.99128749e+03  5.99128067e+03
3.21376434e-03  6.08101224e+03  6.08100417e+03
3.27363353e-03  6.17166492e+03  6.17165549e+03
3.33461802e-03  6.26323967e+03  6.26322875e+03
3.39673858e-03  6.35572974e+03  6.35571718e+03
3.46001639e-03  6.44912741e+03  6.44911306e+03
3.52447300e-03  6.54342430e+03  6.54340797e+03
3.59013038e-03  6.63861133e+03  6.63859285e+03
3.65701088e-03  6.73467872e+03  6.73465789e+03
3.72513730e-03  6.83161589e+03  6.83159248e+03
3.79453285e-03  6.92941114e+03  6.92938491e+03
3.86522116e-03  7.02805196e+03  7.02802266e+03
3.93722633e-03  7.12752506e+03  7.12749239e+03
4.01057288e-03  7.22781633e+03  7.22777998e+03
4.08528580e-03  7.32891082e+03  7.32887046e+03
4.16139055e-03  7.43079221e+03  7.43074746e+03
4.23891306e-03  7.53344300e+03  7.53339351e+03
4.31787973e-03  7.63684482e+03  7.63679020e+03
4.39831747e-03  7.74097838e+03  7.74091822e+03
4.48025368e-03  7.84582346e+03  7.84575734e+03
4.56371628e-03  7.95135870e+03  7.95128618e+03
4.64873371e-03  8.05756151e+03  8.05748210e+03
4.73533492e-03  8.16440830e+03  8.16432146e+03
4.82354943e-03  8.27187448e+03  8.27177961e+03
4.91340729e-03  8.37993446e+03  8.37983091e+03
5.00493910e-03  8.48856108e+03  8.48844816e+03
5.09817606e-03  8.59772402e+03  8.59760098e+03
5.19314994e-03  8.70739123e+03  8.70725725e+03
5.28989308e-03  8.81752946e+03  8.81738367e+03
5.38843844e-03  8.92810427e+03  8.92794574e+03
5.48881961e-03  9.03908020e+03  9.03890794e+03
5.59107078e-03  9.15042333e+03  9.15023625e+03
5.69522678e-03  9.26210056e+03  9.26189748e+03
5.80132310e-03  9.37407787e+03  9.37385749e+03
5.90939590e-03  9.48632026e+03  9.48608117e+03
6.01948197e-03  9.59879167e+03  9.59853236e+03
6.13161884e-03  9.71144954e+03  9.71116839e+03
6.24584471e-03  9.82423966e+03  9.82393505e+03
6.36219849e-03  9.93710499e+03  9.93677527e+03
6.48071983e-03  1.00499867e+04  1.00496302e+04
6.60144909e-03  1.01628244e+04  1.01624394e+04
6.72442742e-03  1.02755568e+04  1.02751416e+04
6.84969672e-03  1.03881273e+04  1.03876800e+04
6.97729965e-03  1.05004801e+04  1.04999986e+04
7.10727970e-03  1.06125582e+04  1.06120399e+04
7.23968114e-03  1.07243030e+04  1.07237454e+04
7.37454909e-03  1.08356551e+04  1.08350551e+04
7.51192949e-03  1.09465538e+04  1.09459083e+04
7.65186915e-03  1.10569377e+04  1.10562434e+04
7.79441575e-03  1.11667442e+04  1.11659976e+04
7.93961785e-03  1.12759094e+04  1.12751070e+04
8.08752491e-03  1.13843687e+04  1.13835067e+04
8.23818733e-03  1.14920532e+04  1.14911278e+04
8.39165644e-03  1.15988855e+04  1.15978926e+04
8.54798453e-03  1.17047857e+04  1.17037208e+04
8.70722485e-03  1.18096725e+04  1.18085309e+04
8.86943166e-03  1.19134637e+04  1.19122402e+04
9.03466021e-03  1.20160750e+04  1.20147642e+04
9.20296681e-03  1.21174178e+04  1.21160141e+04
9.37440879e-03  1.22174007e+04  1.22158982e+04
9.54904456e-03  1.23159312e+04  1.23143236e+04
9.72693362e-03  1.24129156e+04  1.24111965e+04
9.90813657e-03  1.25082594e+04  1.25064220e+04
1.00927151e-02  1.26018651e+04  1.25999024e+04
1.02807322e-02  1.26936318e+04  1.26915363e+04
1.04722519e-02  1.27834579e+04  1.27812216e+04
1.06673394e-02  1.28712409e+04  1.28688557e+04
1.08660611e-02  1.29568780e+04  1.29543353e+04
1.10684849e-02  1.30402647e+04  1.30375554e+04
1.12746796e-02  1.31212921e+04  1.31184066e+04
1.14847155e-02  1.31998502e+04  1.31967784e+04
1.16986641e-02  1.32758289e+04  1.32725601e+04
1.19165984e-02  1.33491182e+04  1.33456412e+04
1.21385926e-02  1.34196078e+04  1.34159109e+04
1.23647224e-02  1.34871810e+04  1.34832520e+04
1.25950646e-02  1.35517175e+04  1.35475435e+04
1.28296980e-02  1.36130976e+04  1.36086652e+04
1.30687023e-02  1.36712026e+04  1.36664977e+04
1.33121590e-02  1.37259145e+04  1.37209227e+04
1.35601511e-02  1.37771138e+04  1.37718198e+04
1.38127630e-02  1.38246769e+04  1.38190647e+04
1.40700809e-02  1.38684818e+04  1.38625345e+04
1.43321923e-02  1.39084084e+04  1.39021082e+04
1.45991865e-02  1.39443386e+04  1.39376672e+04
1.48711546e-02  1.39761560e+04  1.39690938e+04
1.51481892e-02  1.40037406e+04  1.39962675e+04
1.54303847e-02  1.40269743e+04  1.40190689e+04
1.57178372e-02  1.40457419e+04  1.40373819e+04
1.60106446e-02  1.40599321e+04  1.40510943e+04
1.63089068e-02  1.40694376e+04  1.40600978e+04
1.66127252e-02  1.40741509e+04  1.40642840e+04
1.69222035e-02  1.40739659e+04  1.40635454e+04
1.72374471e-02  1.40687816e+04  1.40577797e+04
1.75585633e-02  1.40585021e+04  1.40468903e+04
1.78856616e-02  1.40430376e+04  1.40307861e+04
1.82188534e-02  1.40223037e+04  1.40093818e+04
1.85582523e-02  1.39962215e+04  1.39825975e+04
1.89039738e-02  1.39647187e+04  1.39503603e+04
1.92561357e-02  1.39277303e+04  1.39126042e+04
1.96148581e-02  1.38851987e+04  1.38692711e+04
1.99802631e-02  1.38370746e+04  1.38203114e+04
2.03524752e-02  1.37833218e+04  1.37656884e+04
2.07316213e-02  1.37239139e+04  1.37053756e+04
2.11178304e-02  1.36588334e+04  1.36393554e+04
2.15112343e-02  1.35880710e+04  1.35676186e+04
2.19119669e-02  1.35116271e+04  1.34901661e+04
2.23201647e-02  1.34295221e+04  1.34070194e+04
2.27359668e-02  1.33417967e+04  1.33182218e+04
2.31595149e-02  1.32485011e+04  1.32238258e+04
2.35909533e-02  1.31496940e+04  1.31238929e+04
2.40304289e-02  1.30454431e+04  1.30184935e+04
2.44780916e-02  1.29358353e+04  1.29077176e+04
2.49340937e-02  1.28209965e+04  1.27916951e+04
2.53985907e-02  1.27010652e+04  1.26705684e+04
2.58717408e-02  1.25761863e+04  1.25444866e+04
2.63537052e-02  1.24465111e+04  1.24136049e+04
2.68446481e-02  1.23122017e+04  1.22780898e+04
2.73447368e-02  1.21734716e+04  1.21381608e+04
2.78541416e-02  1.20305609e+04  1.19940652e+04
2.83730362e-02  1.18837115e+04  1.18460512e+04
2.89015972e-02  1.17331656e+04  1.16943676e+04
2.94400048e-02  1.15791662e+04  1.15392635e+04
2.99884423e-02  1.14220004e+04  1.13810320e+04
3.05470967e-02  1.12620127e+04  1.12200235e+04
3.11161583e-02  1.10995442e+04  1.10565849e+04
3.16958209e-02  1.09349277e+04  1.08910540e+04
3.22862820e-02  1.07684863e+04  1.07237587e+04
3.28877429e-02  1.06005529e+04  1.05550361e+04
3.35004083e-02  1.04315247e+04  1.03852875e+04
3.41244871e-02  1.02618007e+04  1.02149154e+04
3.47601918e-02  1.00917613e+04  1.00443033e+04
3.54077391e-02  9.92176801e+03  9.87381527e+03
3.60673495e-02  9.75217061e+03  9.70380275e+03
3.67392478e-02  9.58339377e+03  9.53468727e+03
3.74236629e-02  9.41590164e+03  9.36692658e+03
3.81208280e-02  9.25012944e+03  9.20094956e+03
3.88309805e-02  9.08648271e+03  9.03715546e+03
3.95543624e-02  8.92533774e+03  8.87591447e+03
4.02912203e-02  8.76700635e+03  8.71753202e+03
4.10418050e-02  8.61170892e+03  8.56222153e+03
4.18063724e-02  8.45964038e+03  8.41017121e+03
4.25851829e-02  8.31097891e+03  8.26155281e+03
4.33785019e-02  8.16588684e+03  8.11652256e+03
4.41865996e-02  8.02455053e+03  7.97525666e+03
4.50097513e-02  7.88734927e+03  7.83810137e+03
4.58482375e-02  7.75470319e+03  7.70543794e+03
4.67023439e-02  7.62700080e+03  7.57761835e+03
4.75723614e-02  7.50460199e+03  7.45496806e+03
4.84585864e-02  7.38778950e+03  7.33773905e+03
4.93613210e-02  7.27635585e+03  7.22571171e+03
5.02808725e-02  7.16985349e+03  7.11843608e+03
5.12175544e-02  7.06785743e+03  7.01548493e+03
5.21716858e-02  6.96996573e+03  6.91645420e+03
5.31435916e-02  6.87579679e+03  6.82096078e+03
5.41336030e-02  6.78498546e+03  6.72864001e+03
5.51420574e-02  6.69718404e+03  6.63914521e+03
5.61692982e-02  6.61206164e+03  6.55214667e+03
5.72156756e-02  6.52929110e+03  6.46731987e+03
5.82815458e-02  6.44842982e+03  6.38423888e+03
5.93672722e-02  6.36897583e+03  6.30242673e+03
6.04732245e-02  6.29044963e+03  6.22142871e+03
6.15997796e-02  6.21238444e+03  6.14080480e+03
6.27473213e-02  6.13422026e+03  6.06004558e+03
6.39162405e-02  6.05535160e+03  5.97861038e+03
6.51069356e-02  5.97520459e+03  5.89598859e+03
6.63198120e-02  5.89318362e+03  5.81165703e+03
6.75552832e-02  5.80845940e+03  5.72491097e+03
6.88137699e-02  5.72017668e+03  5.63503038e+03
7.00957009e-02  5.62755109e+03  5.54135863e+03
7.14015130e-02  5.53000064e+03  5.44344851e+03
7.27316511e-02  5.42716537e+03  5.34108170e+03
7.40865683e-02  5.31875779e+03  5.23409718e+03
7.54667263e-02  5.20467142e+03  5.12248956e+03
7.68725952e-02  5.08514929e+03  5.00656558e+03
7.83046540e-02  4.96051401e+03  4.88669030e+03
7.97633907e-02  4.83122883e+03  4.76333755e+03
8.12493021e-02  4.69814657e+03  4.63730959e+03
8.27628946e-02  4.56216602e+03  4.50943616e+03
8.43046837e-02  4.42422307e+03  4.38056552e+03
8.58751948e-02  4.28541982e+03  4.25167649e+03
8.74749630e-02  4.14680289e+03  4.12369188e+03
8.91045332e-02  4.00941649e+03  3.99749258e+03
9.07644607e-02  3.87433595e+03  3.87393759e+03
9.24553110e-02  3.74253538e+03  3.75379954e+03
9.41776601e-02  3.61505496e+03  3.63786170e+03
9.59320948e-02  3.49289911e+03  3.52686536e+03
9.77192128e-02  3.37692803e+03  3.42144836e+03
9.95396231e-02  3.26793127e+03  3.32213200e+03
1.01393946e-01  3.16662658e+03  3.22934245e+03
1.03282813e-01  3.07360358e+03  3.14342575e+03
1.05206867e-01  2.98904746e+03  3.06440551e+03
1.07166765e-01  2.91289138e+03  2.99210303e+03
1.09163173e-01  2.84498057e+03  2.92627610e+03
1.11196773e-01  2.78453783e+03  2.86618459e+03
1.13268257e-01  2.73060015e+03  2.81093798e+03
1.15378330e-01  2.68208717e+03  2.75960930e+03
1.17527712e-01  2.63749784e+03  2.71107495e+03
1.19717134e-01  2.59534749e+03  2.66424206e+03
1.21947344e-01  2.55408374e+03  2.61799468e+03
1.24219100e-01  2.51213480e+03  2.57122411e+03
1.26533176e-01  2.46807726e+03  2.52298487e+03
1.28890361e-01  2.42070028e+03  2.47259512e+03
1.31291459e-01  2.36898478e+03  2.41950943e+03
1.33737286e-01  2.31239433e+03  2.36349580e+03
1.36228676e-01  2.25065883e+03  2.30448613e+03
1.38766479e-01  2.18400222e+03  2.24277909e+03
1.41351558e-01  2.11297690e+03  2.17890111e+03
1.43984795e-01  2.03846806e+03  2.11356599e+03
1.46667087e-01  1.96162240e+03  2.04762996e+03
1.49399346e-01  1.88381224e+03  1.98196511e+03
1.52182505e-01  1.80659532e+03  1.91745202e+03
1.55017512e-01  1.73163549e+03  1.85504759e+03
1.57905331e-01  1.66064687e+03  1.79576039e+03
1.60846948e-01  1.59508837e+03  1.74035895e+03
1.63843365e-01  1.53613031e+03  1.68937008e+03
1.66895601e-01  1.48423161e+03  1.64281661e+03
1.70004698e-01  1.43935042e+03  1.60043501e+03
1.73171713e-01  1.40072650e+03  1.56176955e+03
1.76397728e-01  1.36729156e+03  1.52615505e+03
1.79683839e-01  1.33767377e+03  1.49258806e+03
1.83031168e-01  1.31042376e+03  1.46026038e+03
1.86440853e-01  1.28403958e+03  1.42853318e+03
1.89914058e-01  1.25695683e+03  1.39660699e+03
1.93451965e-01  1.22774045e+03  1.36389843e+03
1.97055780e-01  1.19525384e+03  1.33021159e+03
2.00726730e-01  1.15902622e+03  1.29540372e+03
2.04466067e-01  1.11927057e+03  1.25955508e+03
2.08275063e-01  1.07687536e+03  1.22312286e+03
2.12155017e-01  1.03314236e+03  1.18685946e+03
2.16107251e-01  9.89531103e+02  1.15143899e+03
2.20133111e-01  9.47496543e+02  1.11731881e+03
2.24233968e-01  9.08353406e+02  1.08486429e+03
2.28411221e-01  8.73067333e+02  1.05449900e+03
2.32666291e-01  8.42092779e+02  1.02630085e+03
2.37000629e-01  8.15303078e+02  9.99884939e+02
2.41415712e-01  7.92048650e+02  9.74880249e+02
2.45913043e-01  7.71317935e+02  9.51113739e+02
2.50494154e-01  7.51861345e+02  9.28073782e+02
2.55160607e-01  7.32338774e+02  9.05386073e+02
2.59913992e-01  7.11585898e+02  8.82761813e+02
2.64755927e-01  6.88957031e+02  8.59839928e+02
2.69688063e-01  6.64513896e+02  8.37067647e+02
2.74712079e-01  6.38882376e+02  8.14312496e+02
2.79829688e-01  6.12942372e+02  7.92117847e+02
2.85042632e-01  5.87626661e+02  7.70619253e+02
2.90352688e-01  5.63834445e+02  7.50105148e+02
2.95761666e-01  5.42269569e+02  7.30224762e+02
3.01271407e-01  5.23183814e+02  7.11462324e+02
3.06883789e-01  5.06256699e+02  6.93565552e+02
3.12600724e-01  4.90761272e+02  6.76320642e+02
3.18424160e-01  4.75868522e+02  6.59474996e+02
3.24356081e-01  4.60869579e+02  6.42993630e+02
3.30398507e-01  4.45295856e+02  6.26825992e+02
3.36553498e-01  4.29026766e+02  6.10714039e+02
3.42823149e-01  4.12355274e+02  5.95266420e+02
3.49209598e-01  3.95875704e+02  5.79984720e+02
3.55715021e-01  3.80197555e+02  5.65377991e+02
3.62341632e-01  3.65691863e+02  5.51147634e+02
3.69091691e-01  3.52426929e+02  5.37562799e+02
3.75967497e-01  3.40221553e+02  5.24386865e+02
3.82971391e-01  3.28700953e+02  5.11626478e+02
3.90105762e-01  3.17411255e+02  4.99256452e+02
3.97373038e-01  3.06027635e+02  4.87087194e+02
4.04775697e-01  2.94514522e+02  4.75277787e+02
4.12316259e-01  2.83081431e+02  4.63696919e+02
4.19997295e-01  2.72000080e+02  4.52518995e+02
4.27821420e-01  2.61494187e+02  4.41698352e+02
4.35791301e-01  2.51687758e+02  4.31215349e+02
4.43909653e-01  2.42494901e+02  4.21074943e+02
4.52179242e-01  2.33683695e+02  4.11235298e+02
4.60602884e-01  2.25078714e+02  4.01653681e+02
4.69183451e-01  2.16582943e+02  3.92301684e+02
4.77923865e-01  2.08203769e+02  3.83246068e+02
4.86827104e-01  2.00081486e+02  3.74400382e+02
4.95896201e-01  1.92336139e+02  3.65838666e+02
5.05134247e-01  1.84982733e+02  3.57556318e+02
5.14544388e-01  1.77980143e+02  3.49507069e+02
5.24129830e-01  1.71237982e+02  3.41677997e+02
5.33893840e-01  1.64663267e+02  3.34071873e+02
5.43839743e-01  1.58258814e+02  3.26663371e+02
5.53970928e-01  1.52062895e+02  3.19453490e+02
5.64290847e-01  1.46112375e+02  3.12453476e+02
5.74803016e-01  1.40432651e+02  3.05666350e+02
5.85511016e-01  1.34980697e+02  2.99062949e+02
5.96418495e-01  1.29721917e+02  2.92638555e+02
6.07529169e-01  1.24632221e+02  2.86392829e+02
6.18846824e-01  1.19708309e+02  2.80292216e+02
6.30375315e-01  1.14977118e+02  2.74375467e+02
6.42118571e-01  1.10434521e+02  2.68614390e+02
6.54080591e-01  1.06071094e+02  2.63010547e+02
6.66265452e-01  1.01871475e+02  2.57555423e+02
6.78677305e-01  9.78264283e+01  2.52242403e+02
6.91320378e-01  9.39310839e+01  2.47066430e+02
7.04198979e-01  9.01807773e+01  2.42022686e+02
7.17317494e-01  8.65709315e+01  2.37106553e+02
7.30680395e-01  8.30970592e+01  2.32313596e+02
7.44292233e-01  7.97547645e+01  2.27639559e+02
7.58157646e-01  7.65397449e+01  2.23080356e+02
7.72281357e-01  7.34477922e+01  2.18632065e+02
7.86668179e-01  7.04747940e+01  2.14290918e+02
8.01323013e-01  6.76167340e+01  2.10053297e+02
8.16250851e-01  6.48696796e+01  2.05915701e+02
8.31456781e-01  6.22296296e+01  2.01874432e+02
8.46945981e-01  5.96925961e+01  1.97925720e+02
8.62723729e-01  5.72547306e+01  1.94065959e+02
8.78795401e-01  5.49123223e+01  1.90291706e+02
8.95166472e-01  5.26617932e+01  1.86599673e+02
9.11842520e-01  5.04996935e+01  1.82986720e+02
9.28829225e-01  4.84226974e+01  1.79449849e+02
9.46132376e-01  4.64275985e+01  1.75986196e+02
9.63757866e-01  4.45113061e+01  1.72593029e+02
9.81711702e-01  4.26708409e+01  1.69267737e+02
1.00000000e+00  4.09033315e+01  1.66007830e+02
