# CAMB-generated LCDM linear matter power spectrum P(k)
# Planck 2018 cosmological parameters (TT,TE,EE+lowE+lensing):
# H0=67.36 km/s/Mpc
# ombh2=0.022383
# omch2=0.122011
# mnu=0.06 eV (sum of neutrino masses)
# tau=0.0543
# As=exp(3.0448)*1e-10 = 2.10058296e-09
# ns=0.96605
# Redshift z=0.51 (DESI LRG typical redshift)
# Linear theory (no nonlinear corrections)
# Generated using CAMB v1.6.6
# Columns: k [h/Mpc], P(k) [(Mpc/h)^3]
1.00000000e-04  2.38815965e+02
1.01862899e-04  2.43110501e+02
1.03760502e-04  2.47482188e+02
1.05693455e-04  2.51932407e+02
1.07662418e-04  2.56462564e+02
1.09668060e-04  2.61074091e+02
1.11711065e-04  2.65768445e+02
1.13792129e-04  2.70547110e+02
1.15911962e-04  2.75411596e+02
1.18071285e-04  2.80363435e+02
1.20270833e-04  2.85404191e+02
1.22511358e-04  2.90535452e+02
1.24793621e-04  2.95758835e+02
1.27118400e-04  3.01075986e+02
1.29486487e-04  3.06488581e+02
1.31898690e-04  3.11998326e+02
1.34355829e-04  3.17606958e+02
1.36858742e-04  3.23316243e+02
1.39408283e-04  3.29127980e+02
1.42005318e-04  3.35043998e+02
1.44650734e-04  3.41066158e+02
1.47345431e-04  3.47196353e+02
1.50090328e-04  3.53436510e+02
1.52886359e-04  3.59788589e+02
1.55734477e-04  3.66254585e+02
1.58635653e-04  3.72836526e+02
1.61590875e-04  3.79536474e+02
1.64601150e-04  3.86356527e+02
1.67667503e-04  3.93298820e+02
1.70790980e-04  4.00365526e+02
1.73972643e-04  4.07558858e+02
1.77213578e-04  4.14881064e+02
1.80514888e-04  4.22334436e+02
1.83877698e-04  4.29921304e+02
1.87303154e-04  4.37644038e+02
1.90792422e-04  4.45505052e+02
1.94346693e-04  4.53506794e+02
1.97967175e-04  4.61651756e+02
2.01655104e-04  4.69942475e+02
2.05411735e-04  4.78381529e+02
2.09238348e-04  4.86971542e+02
2.13136247e-04  4.95715182e+02
2.17106760e-04  5.04615159e+02
2.21151240e-04  5.13674233e+02
2.25271064e-04  5.22895210e+02
2.29467637e-04  5.32280943e+02
2.33742387e-04  5.41834335e+02
2.38096772e-04  5.51558337e+02
2.42532274e-04  5.61455951e+02
2.47050406e-04  5.71530228e+02
2.51652705e-04  5.81784275e+02
2.56340741e-04  5.92221247e+02
2.61116110e-04  6.02844345e+02
2.65980440e-04  6.13656825e+02
2.70935387e-04  6.24661995e+02
2.75982639e-04  6.35863219e+02
2.81123917e-04  6.47263920e+02
2.86360972e-04  6.58867577e+02
2.91695588e-04  6.70677725e+02
2.97129582e-04  6.82697962e+02
3.02664806e-04  6.94931944e+02
3.08303146e-04  7.07383390e+02
3.14046522e-04  7.20056071e+02
3.19896892e-04  7.32953811e+02
3.25856248e-04  7.46080495e+02
3.31926620e-04  7.59440073e+02
3.38110078e-04  7.73036557e+02
3.44408728e-04  7.86874027e+02
3.50824714e-04  8.00956622e+02
3.57360225e-04  8.15288553e+02
3.64017485e-04  8.29874093e+02
3.70798763e-04  8.44717590e+02
3.77706369e-04  8.59823456e+02
3.84742658e-04  8.75196165e+02
3.91910025e-04  8.90840248e+02
3.99210913e-04  9.06760309e+02
4.06647809e-04  9.22961024e+02
4.14223247e-04  9.39447141e+02
4.21939808e-04  9.56223481e+02
4.29800121e-04  9.73294932e+02
4.37806863e-04  9.90666456e+02
4.45962763e-04  1.00834309e+03
4.54270599e-04  1.02632996e+03
4.62733201e-04  1.04463225e+03
4.71353453e-04  1.06325521e+03
4.80134292e-04  1.08220416e+03
4.89078709e-04  1.10148450e+03
4.98189752e-04  1.12110172e+03
5.07470524e-04  1.14106136e+03
5.16924187e-04  1.16136907e+03
5.26553963e-04  1.18203054e+03
5.36363132e-04  1.20305155e+03
5.46355035e-04  1.22443796e+03
5.56533078e-04  1.24619573e+03
5.66900727e-04  1.26833086e+03
5.77461515e-04  1.29084947e+03
5.88219040e-04  1.31375771e+03
5.99176967e-04  1.33706184e+03
6.10339029e-04  1.36076821e+03
6.21709029e-04  1.38488324e+03
6.33290840e-04  1.40941340e+03
6.45088409e-04  1.43436524e+03
6.57105755e-04  1.45974539e+03
6.69346971e-04  1.48556056e+03
6.81816229e-04  1.51181754e+03
6.94517777e-04  1.53852322e+03
7.07455942e-04  1.56568454e+03
7.20635132e-04  1.59330853e+03
7.34059837e-04  1.62140232e+03
7.47734631e-04  1.64997311e+03
7.61664172e-04  1.67902818e+03
7.75853206e-04  1.70857486e+03
7.90306568e-04  1.73862055e+03
8.05029181e-04  1.76917273e+03
8.20026062e-04  1.80023896e+03
8.35302320e-04  1.83182690e+03
8.50863158e-04  1.86394422e+03
8.66713880e-04  1.89659866e+03
8.82859884e-04  1.92979801e+03
8.99306672e-04  1.96355017e+03
9.16059848e-04  1.99786310e+03
9.33125118e-04  2.03274481e+03
9.50508296e-04  2.06820336e+03
9.68215306e-04  2.10424688e+03
9.86252179e-04  2.14088357e+03
1.00462506e-03  2.17812171e+03
1.02334021e-03  2.21596962e+03
1.04240401e-03  2.25443559e+03
1.06182294e-03  2.29352796e+03
1.08160363e-03  2.33325511e+03
1.10175281e-03  2.37362549e+03
1.12227736e-03  2.41464759e+03
1.14318425e-03  2.45632989e+03
1.16448062e-03  2.49868087e+03
1.18617372e-03  2.54170902e+03
1.20827094e-03  2.58542290e+03
1.23077980e-03  2.62983108e+03
1.25370799e-03  2.67494214e+03
1.27706330e-03  2.72076455e+03
1.30085370e-03  2.76730680e+03
1.32508729e-03  2.81457739e+03
1.34977233e-03  2.86258481e+03
1.37491723e-03  2.91133758e+03
1.40053055e-03  2.96084408e+03
1.42662102e-03  3.01111262e+03
1.45319752e-03  3.06215153e+03
1.48026913e-03  3.11396908e+03
1.50784505e-03  3.16657354e+03
1.53593468e-03  3.21997304e+03
1.56454759e-03  3.27417552e+03
1.59369353e-03  3.32918887e+03
1.62338243e-03  3.38502093e+03
1.65362441e-03  3.44167945e+03
1.68442976e-03  3.49917209e+03
1.71580899e-03  3.55750631e+03
1.74777277e-03  3.61668944e+03
1.78033202e-03  3.67672870e+03
1.81349780e-03  3.73763123e+03
1.84728144e-03  3.79940401e+03
1.88169442e-03  3.86205372e+03
1.91674849e-03  3.92558679e+03
1.95245558e-03  3.99000948e+03
1.98882786e-03  4.05532789e+03
2.02587771e-03  4.12154795e+03
2.06361777e-03  4.18867530e+03
2.10206088e-03  4.25671526e+03
2.14122015e-03  4.32567290e+03
2.18110892e-03  4.39555308e+03
2.22174078e-03  4.46636042e+03
2.26312957e-03  4.53809925e+03
2.30528939e-03  4.61077343e+03
2.34823460e-03  4.68438648e+03
2.39197984e-03  4.75894162e+03
2.43654001e-03  4.83444178e+03
2.48193029e-03  4.91088953e+03
2.52816614e-03  4.98828698e+03
2.57526333e-03  5.06663575e+03
2.62323788e-03  5.14593710e+03
2.67210616e-03  5.22619188e+03
2.72188479e-03  5.30740058e+03
2.77259076e-03  5.38956313e+03
2.82424133e-03  5.47267885e+03
2.87685409e-03  5.55674652e+03
2.93044698e-03  5.64176451e+03
2.98503825e-03  5.72773066e+03
3.04064649e-03  5.81464230e+03
3.09729067e-03  5.90249595e+03
3.15499006e-03  5.99128749e+03
3.21376434e-03  6.08101224e+03
3.27363353e-03  6.17166492e+03
3.33461802e-03  6.26323967e+03
3.39673858e-03  6.35572974e+03
3.46001639e-03  6.44912741e+03
3.52447300e-03  6.54342430e+03
3.59013038e-03  6.63861133e+03
3.65701088e-03  6.73467872e+03
3.72513730e-03  6.83161589e+03
3.79453285e-03  6.92941114e+03
3.86522116e-03  7.02805196e+03
3.93722633e-03  7.12752506e+03
4.01057288e-03  7.22781633e+03
4.08528580e-03  7.32891082e+03
4.16139055e-03  7.43079221e+03
4.23891306e-03  7.53344300e+03
4.31787973e-03  7.63684482e+03
4.39831747e-03  7.74097838e+03
4.48025368e-03  7.84582346e+03
4.56371628e-03  7.95135870e+03
4.64873371e-03  8.05756151e+03
4.73533492e-03  8.16440830e+03
4.82354943e-03  8.27187448e+03
4.91340729e-03  8.37993446e+03
5.00493910e-03  8.48856108e+03
5.09817606e-03  8.59772402e+03
5.19314994e-03  8.70739123e+03
5.28989308e-03  8.81752946e+03
5.38843844e-03  8.92810427e+03
5.48881961e-03  9.03908020e+03
5.59107078e-03  9.15042333e+03
5.69522678e-03  9.26210056e+03
5.80132310e-03  9.37407787e+03
5.90939590e-03  9.48632026e+03
6.01948197e-03  9.59879167e+03
6.13161884e-03  9.71144954e+03
6.24584471e-03  9.82423966e+03
6.36219849e-03  9.93710499e+03
6.48071983e-03  1.00499867e+04
6.60144909e-03  1.01628244e+04
6.72442742e-03  1.02755568e+04
6.84969672e-03  1.03881273e+04
6.97729965e-03  1.05004801e+04
7.10727970e-03  1.06125582e+04
7.23968114e-03  1.07243030e+04
7.37454909e-03  1.08356551e+04
7.51192949e-03  1.09465538e+04
7.65186915e-03  1.10569377e+04
7.79441575e-03  1.11667442e+04
7.93961785e-03  1.12759094e+04
8.08752491e-03  1.13843687e+04
8.23818733e-03  1.14920532e+04
8.39165644e-03  1.15988855e+04
8.54798453e-03  1.17047857e+04
8.70722485e-03  1.18096725e+04
8.86943166e-03  1.19134637e+04
9.03466021e-03  1.20160750e+04
9.20296681e-03  1.21174178e+04
9.37440879e-03  1.22174007e+04
9.54904456e-03  1.23159312e+04
9.72693362e-03  1.24129156e+04
9.90813657e-03  1.25082594e+04
1.00927151e-02  1.26018651e+04
1.02807322e-02  1.26936318e+04
1.04722519e-02  1.27834579e+04
1.06673394e-02  1.28712409e+04
1.08660611e-02  1.29568780e+04
1.10684849e-02  1.30402647e+04
1.12746796e-02  1.31212921e+04
1.14847155e-02  1.31998502e+04
1.16986641e-02  1.32758289e+04
1.19165984e-02  1.33491182e+04
1.21385926e-02  1.34196078e+04
1.23647224e-02  1.34871810e+04
1.25950646e-02  1.35517175e+04
1.28296980e-02  1.36130976e+04
1.30687023e-02  1.36712026e+04
1.33121590e-02  1.37259145e+04
1.35601511e-02  1.37771138e+04
1.38127630e-02  1.38246769e+04
1.40700809e-02  1.38684818e+04
1.43321923e-02  1.39084084e+04
1.45991865e-02  1.39443386e+04
1.48711546e-02  1.39761560e+04
1.51481892e-02  1.40037406e+04
1.54303847e-02  1.40269743e+04
1.57178372e-02  1.40457419e+04
1.60106446e-02  1.40599321e+04
1.63089068e-02  1.40694376e+04
1.66127252e-02  1.40741509e+04
1.69222035e-02  1.40739659e+04
1.72374471e-02  1.40687816e+04
1.75585633e-02  1.40585021e+04
1.78856616e-02  1.40430376e+04
1.82188534e-02  1.40223037e+04
1.85582523e-02  1.39962215e+04
1.89039738e-02  1.39647187e+04
1.92561357e-02  1.39277303e+04
1.96148581e-02  1.38851987e+04
1.99802631e-02  1.38370746e+04
2.03524752e-02  1.37833218e+04
2.07316213e-02  1.37239139e+04
2.11178304e-02  1.36588334e+04
2.15112343e-02  1.35880710e+04
2.19119669e-02  1.35116271e+04
2.23201647e-02  1.34295221e+04
2.27359668e-02  1.33417967e+04
2.31595149e-02  1.32485011e+04
2.35909533e-02  1.31496940e+04
2.40304289e-02  1.30454431e+04
2.44780916e-02  1.29358353e+04
2.49340937e-02  1.28209965e+04
2.53985907e-02  1.27010652e+04
2.58717408e-02  1.25761863e+04
2.63537052e-02  1.24465111e+04
2.68446481e-02  1.23122017e+04
2.73447368e-02  1.21734716e+04
2.78541416e-02  1.20305609e+04
2.83730362e-02  1.18837115e+04
2.89015972e-02  1.17331656e+04
2.94400048e-02  1.15791662e+04
2.99884423e-02  1.14220004e+04
3.05470967e-02  1.12620127e+04
3.11161583e-02  1.10995442e+04
3.16958209e-02  1.09349277e+04
3.22862820e-02  1.07684863e+04
3.28877429e-02  1.06005529e+04
3.35004083e-02  1.04315247e+04
3.41244871e-02  1.02618007e+04
3.47601918e-02  1.00917613e+04
3.54077391e-02  9.92176801e+03
3.60673495e-02  9.75217061e+03
3.67392478e-02  9.58339377e+03
3.74236629e-02  9.41590164e+03
3.81208280e-02  9.25012944e+03
3.88309805e-02  9.08648271e+03
3.95543624e-02  8.92533774e+03
4.02912203e-02  8.76700635e+03
4.10418050e-02  8.61170892e+03
4.18063724e-02  8.45964038e+03
4.25851829e-02  8.31097891e+03
4.33785019e-02  8.16588684e+03
4.41865996e-02  8.02455053e+03
4.50097513e-02  7.88734927e+03
4.58482375e-02  7.75470319e+03
4.67023439e-02  7.62700080e+03
4.75723614e-02  7.50460199e+03
4.84585864e-02  7.38778950e+03
4.93613210e-02  7.27635585e+03
5.02808725e-02  7.16985349e+03
5.12175544e-02  7.06785743e+03
5.21716858e-02  6.96996573e+03
5.31435916e-02  6.87579679e+03
5.41336030e-02  6.78498546e+03
5.51420574e-02  6.69718404e+03
5.61692982e-02  6.61206164e+03
5.72156756e-02  6.52929110e+03
5.82815458e-02  6.44842982e+03
5.93672722e-02  6.36897583e+03
6.04732245e-02  6.29044963e+03
6.15997796e-02  6.21238444e+03
6.27473213e-02  6.13422026e+03
6.39162405e-02  6.05535160e+03
6.51069356e-02  5.97520459e+03
6.63198120e-02  5.89318362e+03
6.75552832e-02  5.80845940e+03
6.88137699e-02  5.72017668e+03
7.00957009e-02  5.62755109e+03
7.14015130e-02  5.53000064e+03
7.27316511e-02  5.42716537e+03
7.40865683e-02  5.31875779e+03
7.54667263e-02  5.20467142e+03
7.68725952e-02  5.08514929e+03
7.83046540e-02  4.96051401e+03
7.97633907e-02  4.83122883e+03
8.12493021e-02  4.69814657e+03
8.27628946e-02  4.56216602e+03
8.43046837e-02  4.42422307e+03
8.58751948e-02  4.28541982e+03
8.74749630e-02  4.14680289e+03
8.91045332e-02  4.00941649e+03
9.07644607e-02  3.87433595e+03
9.24553110e-02  3.74253538e+03
9.41776601e-02  3.61505496e+03
9.59320948e-02  3.49289911e+03
9.77192128e-02  3.37692803e+03
9.95396231e-02  3.26793127e+03
1.01393946e-01  3.16662658e+03
1.03282813e-01  3.07360358e+03
1.05206867e-01  2.98904746e+03
1.07166765e-01  2.91289138e+03
1.09163173e-01  2.84498057e+03
1.11196773e-01  2.78453783e+03
1.13268257e-01  2.73060015e+03
1.15378330e-01  2.68208717e+03
1.17527712e-01  2.63749784e+03
1.19717134e-01  2.59534749e+03
1.21947344e-01  2.55408374e+03
1.24219100e-01  2.51213480e+03
1.26533176e-01  2.46807726e+03
1.28890361e-01  2.42070028e+03
1.31291459e-01  2.36898478e+03
1.33737286e-01  2.31239433e+03
1.36228676e-01  2.25065883e+03
1.38766479e-01  2.18400222e+03
1.41351558e-01  2.11297690e+03
1.43984795e-01  2.03846806e+03
1.46667087e-01  1.96162240e+03
1.49399346e-01  1.88381224e+03
1.52182505e-01  1.80659532e+03
1.55017512e-01  1.73163549e+03
1.57905331e-01  1.66064687e+03
1.60846948e-01  1.59508837e+03
1.63843365e-01  1.53613031e+03
1.66895601e-01  1.48423161e+03
1.70004698e-01  1.43935042e+03
1.73171713e-01  1.40072650e+03
1.76397728e-01  1.36729156e+03
1.79683839e-01  1.33767377e+03
1.83031168e-01  1.31042376e+03
1.86440853e-01  1.28403958e+03
1.89914058e-01  1.25695683e+03
1.93451965e-01  1.22774045e+03
1.97055780e-01  1.19525384e+03
2.00726730e-01  1.15902622e+03
2.04466067e-01  1.11927057e+03
2.08275063e-01  1.07687536e+03
2.12155017e-01  1.03314236e+03
2.16107251e-01  9.89531103e+02
2.20133111e-01  9.47496543e+02
2.24233968e-01  9.08353406e+02
2.28411221e-01  8.73067333e+02
2.32666291e-01  8.42092779e+02
2.37000629e-01  8.15303078e+02
2.41415712e-01  7.92048650e+02
2.45913043e-01  7.71317935e+02
2.50494154e-01  7.51861345e+02
2.55160607e-01  7.32338774e+02
2.59913992e-01  7.11585898e+02
2.64755927e-01  6.88957031e+02
2.69688063e-01  6.64513896e+02
2.74712079e-01  6.38882376e+02
2.79829688e-01  6.12942372e+02
2.85042632e-01  5.87626661e+02
2.90352688e-01  5.63834445e+02
2.95761666e-01  5.42269569e+02
3.01271407e-01  5.23183814e+02
3.06883789e-01  5.06256699e+02
3.12600724e-01  4.90761272e+02
3.18424160e-01  4.75868522e+02
3.24356081e-01  4.60869579e+02
3.30398507e-01  4.45295856e+02
3.36553498e-01  4.29026766e+02
3.42823149e-01  4.12355274e+02
3.49209598e-01  3.95875704e+02
3.55715021e-01  3.80197555e+02
3.62341632e-01  3.65691863e+02
3.69091691e-01  3.52426929e+02
3.75967497e-01  3.40221553e+02
3.82971391e-01  3.28700953e+02
3.90105762e-01  3.17411255e+02
3.97373038e-01  3.06027635e+02
4.04775697e-01  2.94514522e+02
4.12316259e-01  2.83081431e+02
4.19997295e-01  2.72000080e+02
4.27821420e-01  2.61494187e+02
4.35791301e-01  2.51687758e+02
4.43909653e-01  2.42494901e+02
4.52179242e-01  2.33683695e+02
4.60602884e-01  2.25078714e+02
4.69183451e-01  2.16582943e+02
4.77923865e-01  2.08203769e+02
4.86827104e-01  2.00081486e+02
4.95896201e-01  1.92336139e+02
5.05134247e-01  1.84982733e+02
5.14544388e-01  1.77980143e+02
5.24129830e-01  1.71237982e+02
5.33893840e-01  1.64663267e+02
5.43839743e-01  1.58258814e+02
5.53970928e-01  1.52062895e+02
5.64290847e-01  1.46112375e+02
5.74803016e-01  1.40432651e+02
5.85511016e-01  1.34980697e+02
5.96418495e-01  1.29721917e+02
6.07529169e-01  1.24632221e+02
6.18846824e-01  1.19708309e+02
6.30375315e-01  1.14977118e+02
6.42118571e-01  1.10434521e+02
6.54080591e-01  1.06071094e+02
6.66265452e-01  1.01871475e+02
6.78677305e-01  9.78264283e+01
6.91320378e-01  9.39310839e+01
7.04198979e-01  9.01807773e+01
7.17317494e-01  8.65709315e+01
7.30680395e-01  8.30970592e+01
7.44292233e-01  7.97547645e+01
7.58157646e-01  7.65397449e+01
7.72281357e-01  7.34477922e+01
7.86668179e-01  7.04747940e+01
8.01323013e-01  6.76167340e+01
8.16250851e-01  6.48696796e+01
8.31456781e-01  6.22296296e+01
8.46945981e-01  5.96925961e+01
8.62723729e-01  5.72547306e+01
8.78795401e-01  5.49123223e+01
8.95166472e-01  5.26617932e+01
9.11842520e-01  5.04996935e+01
9.28829225e-01  4.84226974e+01
9.46132376e-01  4.64275985e+01
9.63757866e-01  4.45113061e+01
9.81711702e-01  4.26708409e+01
1.00000000e+00  4.09033315e+01
